result matrix
-9223372036854775808.000000 -9223372036854775808.000000 -9223372036854775808.000000 -9223372036854775808.000000 -9223372036854775808.000000 -9223372036854775808.000000 -9223372036854775808.000000 -9223372036854775808.000000 -9223372036854775808.000000 -9223372036854775808.000000 
-9223372036854775808.000000 -9223372036854775808.000000 -9223372036854775808.000000 -9223372036854775808.000000 -9223372036854775808.000000 -9223372036854775808.000000 -9223372036854775808.000000 -9223372036854775808.000000 -9223372036854775808.000000 -9223372036854775808.000000 
-9223372036854775808.000000 -9223372036854775808.000000 -9223372036854775808.000000 -9223372036854775808.000000 -9223372036854775808.000000 -9223372036854775808.000000 -9223372036854775808.000000 -9223372036854775808.000000 -9223372036854775808.000000 -9223372036854775808.000000 
-9223372036854775808.000000 -9223372036854775808.000000 -9223372036854775808.000000 -9223372036854775808.000000 -9223372036854775808.000000 -9223372036854775808.000000 -9223372036854775808.000000 -9223372036854775808.000000 -9223372036854775808.000000 -9223372036854775808.000000 
-9223372036854775808.000000 -9223372036854775808.000000 -9223372036854775808.000000 -9223372036854775808.000000 -9223372036854775808.000000 -9223372036854775808.000000 -9223372036854775808.000000 -9223372036854775808.000000 -9223372036854775808.000000 -9223372036854775808.000000 
-9223372036854775808.000000 -9223372036854775808.000000 -9223372036854775808.000000 -9223372036854775808.000000 -9223372036854775808.000000 -9223372036854775808.000000 -9223372036854775808.000000 -9223372036854775808.000000 -9223372036854775808.000000 -9223372036854775808.000000 
-9223372036854775808.000000 -9223372036854775808.000000 -9223372036854775808.000000 -9223372036854775808.000000 -9223372036854775808.000000 -9223372036854775808.000000 -9223372036854775808.000000 -9223372036854775808.000000 -9223372036854775808.000000 -9223372036854775808.000000 
-9223372036854775808.000000 -9223372036854775808.000000 -9223372036854775808.000000 -9223372036854775808.000000 -9223372036854775808.000000 -9223372036854775808.000000 -9223372036854775808.000000 -9223372036854775808.000000 -9223372036854775808.000000 -9223372036854775808.000000 
-9223372036854775808.000000 -9223372036854775808.000000 -9223372036854775808.000000 -9223372036854775808.000000 -9223372036854775808.000000 -9223372036854775808.000000 -9223372036854775808.000000 -9223372036854775808.000000 -9223372036854775808.000000 -9223372036854775808.000000 
-9223372036854775808.000000 -9223372036854775808.000000 -9223372036854775808.000000 -9223372036854775808.000000 -9223372036854775808.000000 -9223372036854775808.000000 -9223372036854775808.000000 -9223372036854775808.000000 -9223372036854775808.000000 -9223372036854775808.000000 

